177
301.526 110.248 132.097 0 132.097 0.528402 0
174.456 107.604 44.9351 0 44.9351 0.516773 0
93.7455 114.023 80.635 0 80.635 0.509935 0
213.396 67.2616 16.5646 0 16.5646 0.450581 0
204.08 66.201 15.6889 0 15.6889 0.427418 0
174.161 107.782 20.1587 0 20.1587 0.427025 0
219.796 117.55 20.1587 0 20.1587 0.411595 0
171.852 51.4126 15.5335 0 15.5335 0.406845 0
175.5 117.762 39.7623 0 39.7623 0.401207 0
270.879 62.6889 14.801 0 14.801 0.398542 0
137.413 110 322.54 0 322.54 0.386798 0
100.091 138.569 285.95 0 285.95 0.371073 0
125 80.5102 115.427 0 115.427 0.35562 0
189.023 51.1754 20.1587 0 20.1587 0.353825 0
97.3606 172.269 262.587 0 262.587 0.351657 0
257.422 143.767 243.908 0 243.908 0.345042 0
170.061 70.3045 25.3116 0 25.3116 0.337627 0
302.46 170.785 245.195 0 245.195 0.327288 0
198.609 51.5688 24.1563 0 24.1563 0.325084 0
109.326 158.38 14.0183 0 14.0183 0.318278 0
283.114 57 80.635 0 80.635 0.313801 0
212.613 52.2131 57.2265 0 57.2265 0.303999 0
288.398 168.158 17.5847 0 17.5847 0.291533 0
133.58 59.5 15.6416 0 15.6416 0.290926 0
247.77 125 65.5193 0 65.5193 0.287158 0
97.9229 65.7956 23.718 0 23.718 0.281516 0
178 154 203.187 0 203.187 0.279674 0
219.402 98.1583 28.029 0 28.029 0.27299 0
234.777 171.5 20.1587 0 20.1587 0.272589 0
154.903 46.7589 40.1091 0 40.1091 0.271922 0
264.127 99.1694 98.9314 0 98.9314 0.270517 0
297.409 134.277 286.64 0 286.64 0.269669 0
198.655 91.0758 512 0 512 0.26918 0
246.5 56.5264 23.179 0 23.179 0.264701 0
209.5 52.5 31.4986 0 31.4986 0.262762 0
139.5 67.2801 15.0191 0 15.0191 0.261701 0
257.209 108.097 444.173 0 444.173 0.25971 0
150.198 162.342 16.8368 0 16.8368 0.256429 0
247 95 80.635 0 80.635 0.255562 0
211 127.358 99.339 0 99.339 0.252998 0
143 77.2172 67.792 0 67.792 0.252705 0
133.061 169.31 24.8907 0 24.8907 0.244594 0
215.5 52.5668 29.8178 0 29.8178 0.242335 0
144.5 170.037 34.5092 0 34.5092 0.240941 0
280.338 64.9225 1290.16 0 1290.16 0.239759 0
263 121 80.635 0 80.635 0.233267 0
117.153 73.5 16.0018 0 16.0018 0.232911 0
193.886 150.815 862.674 0 862.674 0.231262 0
277.835 151.865 18.9676 0 18.9676 0.230269 0
124 140.057 3059.29 0 3059.29 0.229781 0
192.953 108 1290.16 0 1290.16 0.225162 0
96.9178 44.4461 322.54 0 322.54 0.22471 0
246.147 77 67.5208 0 67.5208 0.22423 0
166.266 59.8565 115.821 0 115.821 0.215963 0
164.5 52.3496 20.1587 0 20.1587 0.21564 0
137 47 80.635 0 80.635 0.21528 0
163.532 85.5563 20.9449 0 20.9449 0.212805 0
283.806 165.322 128 0 128 0.208729 0
278.806 60.729 18.1689 0 18.1689 0.20583 0
244.5 159.5 20.1587 0 20.1587 0.205287 0
273 81 203.187 0 203.187 0.20381 0
254.5 159.5 13.7803 0 13.7803 0.203279 0
89 37 80.635 0 80.635 0.202092 0
275.499 79.5 46.0398 0 46.0398 0.201521 0
108.5 73.8047 13.7325 0 13.7325 0.201136 0
217.812 105.308 21.5953 0 21.5953 0.200685 0
187 129 80.635 0 80.635 0.199768 0
302 43.9539 396.543 0 396.543 0.199723 0
86.5 34.5 50.7968 0 50.7968 0.199352 0
86.39 180.712 45.9959 0 45.9959 0.199255 0
309 37 80.635 0 80.635 0.198124 0
261.961 68.8358 18.3543 0 18.3543 0.193157 0
144.5 92.5 32 0 32 0.19219 0
243.101 90.9308 23.5705 0 23.5705 0.191544 0
213.368 154.125 266.976 0 266.976 0.190894 0
242.5 47.5 23.0109 0 23.0109 0.19042 0
309.204 179 80.635 0 80.635 0.19007 0
108 52 1290.16 0 1290.16 0.18782 0
259.876 128.744 17.1402 0 17.1402 0.18545 0
222.047 104.127 157.278 0 157.278 0.18435 0
186.5 115.239 30.6485 0 30.6485 0.183626 0
242.5 136.232 26.3784 0 26.3784 0.181461 0
127.5 162.5 12.6992 0 12.6992 0.179747 0
141 97 80.635 0 80.635 0.17835 0
169.237 173.379 19.6036 0 19.6036 0.178335 0
264.074 77 80.635 0 80.635 0.175515 0
102.049 58.9253 18.4389 0 18.4389 0.174663 0
185.086 59 116.556 0 116.556 0.174643 0
277.954 99.9807 19.6542 0 19.6542 0.173777 0
276.5 80.5 20.1587 0 20.1587 0.172585 0
270.862 95.1314 20.1587 0 20.1587 0.172549 0
177.5 173.011 13.0017 0 13.0017 0.171745 0
268.715 163.124 25.4809 0 25.4809 0.170747 0
219.539 86.2866 66.7706 0 66.7706 0.170391 0
173.789 91.8921 117.96 0 117.96 0.170236 0
172.555 161 80.635 0 80.635 0.168521 0
279.5 163.662 37.5862 0 37.5862 0.166344 0
219.971 64.3016 162.683 0 162.683 0.165778 0
191 103 80.635 0 80.635 0.165506 0
166.066 129.763 17.582 0 17.582 0.162853 0
211.5 123.5 32 0 32 0.160073 0
269.906 135.136 19.6391 0 19.6391 0.159877 0
159.5 63.8622 16.8827 0 16.8827 0.159616 0
158.215 56.6937 14.1044 0 14.1044 0.159477 0
267 65 50.7968 0 50.7968 0.15916 0
252.849 73.6992 187.421 0 187.421 0.157567 0
156.992 103.595 20.1587 0 20.1587 0.156506 0
249.466 41.9334 96.4832 0 96.4832 0.156176 0
145.185 126.328 64.9673 0 64.9673 0.156148 0
268.5 158.5 20.1587 0 20.1587 0.155825 0
232.221 54.2381 23.3968 0 23.3968 0.155808 0
279.7 68.8776 19.1607 0 19.1607 0.155649 0
266.696 137.998 42.4943 0 42.4943 0.155238 0
236.096 147.5 17.0478 0 17.0478 0.153703 0
251.5 92.0578 31.1969 0 31.1969 0.153064 0
232.613 46.9763 112.723 0 112.723 0.152651 0
255.088 73.1706 227.384 0 227.384 0.151555 0
88.8235 122.369 13.5993 0 13.5993 0.151276 0
267.346 157.206 34.5515 0 34.5515 0.15109 0
128.5 140.464 46.3012 0 46.3012 0.150021 0
174 66.6325 317.826 0 317.826 0.149764 0
123.473 101.5 45.3446 0 45.3446 0.14583 0
147.733 180.023 31.7248 0 31.7248 0.144577 0
169.074 127.5 45.3896 0 45.3896 0.144572 0
190.733 107.5 32 0 32 0.143156 0
259.998 165.864 15.9498 0 15.9498 0.142463 0
224.5 111.5 20.1587 0 20.1587 0.141871 0
312.666 154.517 15.0137 0 15.0137 0.137609 0
191.5 109.5 20.1587 0 20.1587 0.137578 0
125 101.549 51.5872 0 51.5872 0.137057 0
220.625 128.123 45.2608 0 45.2608 0.136848 0
165.695 138.5 18.8953 0 18.8953 0.135084 0
160.5 181.03 20.1587 0 20.1587 0.13497 0
151.5 63.0475 14.4912 0 14.4912 0.133729 0
125.462 136.031 14.8484 0 14.8484 0.131709 0
89 129 50.7968 0 50.7968 0.13112 0
121.838 56.8671 16.4204 0 16.4204 0.130213 0
221.353 143.948 67.0113 0 67.0113 0.130061 0
196.5 115.5 20.1587 0 20.1587 0.129963 0
115.697 64.8763 31.7966 0 31.7966 0.128521 0
149.584 70.8846 26.9452 0 26.9452 0.127265 0
119.327 87.7346 24.4096 0 24.4096 0.125706 0
205.5 122.5 20.1587 0 20.1587 0.12405 0
163.578 138.815 15.8364 0 15.8364 0.123603 0
118.5 133.114 13.3854 0 13.3854 0.121305 0
122.5 55.5 20.1587 0 20.1587 0.120613 0
180.468 98.9627 13.617 0 13.617 0.120473 0
242.02 163 74.0837 0 74.0837 0.119548 0
158.407 76.4201 18.114 0 18.114 0.119312 0
86.0017 165.085 18.6004 0 18.6004 0.119165 0
292.298 161.896 18.7994 0 18.7994 0.117522 0
138.613 162.5 14.772 0 14.772 0.116949 0
155.832 90.4726 25.6015 0 25.6015 0.116531 0
151 163.454 61.5056 0 61.5056 0.116425 0
153.836 52.2907 15.2388 0 15.2388 0.116143 0
85.3326 153.21 14.7061 0 14.7061 0.114884 0
128.466 125.5 38.4916 0 38.4916 0.114167 0
310.5 162.5 32 0 32 0.11356 0
159.952 76.0427 29.5088 0 29.5088 0.113111 0
310.5 146.5 32 0 32 0.11294 0
87.0063 151.909 26.8564 0 26.8564 0.112366 0
109.177 165 76.1575 0 76.1575 0.112361 0
114.731 77 65.5608 0 65.5608 0.112322 0
88.5 150.5 35.712 0 35.712 0.110289 0
250.165 179 94.5937 0 94.5937 0.108985 0
286.5 118.98 39.3366 0 39.3366 0.107914 0
282.547 119.203 18.0606 0 18.0606 0.107873 0
94.0751 96.0326 116.247 0 116.247 0.106557 0
307 143.26 80.635 0 80.635 0.10622 0
252.148 108.551 58.8114 0 58.8114 0.105313 0
259.326 106.209 20.1587 0 20.1587 0.10446 0
203.781 34.8703 20.1587 0 20.1587 0.103954 0
231.649 130.86 13.9169 0 13.9169 0.103925 0
155.5 94.9817 14.3865 0 14.3865 0.10343 0
127 171.272 174.543 0 174.543 0.102462 0
268.5 149.45 32 0 32 0.102214 0
279.804 143.166 65.8214 0 65.8214 0.10176 0
