352
181.795 32.1295 780.351 0 780.351 0.702285 0
181.758 31.9105 946.421 0 946.421 0.656561 0
320.683 149.345 27.499 0 27.499 0.57649 0
344.103 149.538 1184.43 0 1184.43 0.573893 0
238.034 157.598 111.728 0 111.728 0.551351 0
447.465 153.882 40.7474 0 40.7474 0.51819 0
321.329 159.242 15.3204 0 15.3204 0.492545 0
448.493 150.42 147.344 0 147.344 0.476272 0
340.89 149.553 9973.75 0 9973.75 0.474227 0
393.103 301.411 681.015 0 681.015 0.473358 0
278.376 153.543 427.806 0 427.806 0.468999 0
95.0677 68.2784 305.26 0 305.26 0.45664 0
371.432 113.907 16.0114 0 16.0114 0.407821 0
323.766 240.616 15.3007 0 15.3007 0.392749 0
391.93 185.206 100.552 0 100.552 0.371139 0
181.395 257.12 1600.38 0 1600.38 0.367192 0
409.637 150 465.207 0 465.207 0.340431 0
408.389 141 182.167 0 182.167 0.337958 0
254.285 305.621 595.297 0 595.297 0.330343 0
168.407 175 78.0011 0 78.0011 0.33004 0
281.183 239.719 46.7846 0 46.7846 0.319463 0
257.068 278.826 16.0603 0 16.0603 0.315094 0
150.94 155.551 20.1587 0 20.1587 0.311703 0
436.804 17.2128 37.549 0 37.549 0.308533 0
410.004 105.046 20.1587 0 20.1587 0.306524 0
327.059 91.8628 15.4198 0 15.4198 0.304832 0
220.5 176.5 46.7852 0 46.7852 0.297159 0
292.647 189 80.635 0 80.635 0.295687 0
409.663 165.491 80.635 0 80.635 0.294989 0
365.796 139.214 17.4479 0 17.4479 0.290231 0
168.475 31.6265 128 0 128 0.289817 0
324.372 18.5 16.5527 0 16.5527 0.285634 0
96.0822 180.727 718.776 0 718.776 0.28066 0
341.191 108.5 13.12 0 13.12 0.280282 0
430.5 96.35 27.8608 0 27.8608 0.279216 0
367.291 235.813 35.0004 0 35.0004 0.275645 0
310.244 238.909 44.0769 0 44.0769 0.272553 0
309.401 126.742 20.1587 0 20.1587 0.272248 0
219.849 227.476 20.1587 0 20.1587 0.271397 0
301.117 88.1177 39.1125 0 39.1125 0.267754 0
107.314 126.818 322.54 0 322.54 0.2677 0
237.555 319.268 22.5486 0 22.5486 0.265142 0
416.672 104.81 16.2447 0 16.2447 0.264504 0
435.216 18.4058 128 0 128 0.263286 0
276.193 291.403 18.4306 0 18.4306 0.262292 0
255.048 115.932 27.813 0 27.813 0.260797 0
244.081 305.733 45.7525 0 45.7525 0.259609 0
400.239 233.5 36.6824 0 36.6824 0.258323 0
263.238 274.704 142.313 0 142.313 0.257162 0
205.543 174.155 12.8657 0 12.8657 0.256964 0
355 191.376 116.494 0 116.494 0.256621 0
375.569 306.614 133.702 0 133.702 0.254969 0
434.346 40.4403 76.8876 0 76.8876 0.251791 0
302.624 245.5 14.2688 0 14.2688 0.251278 0
262.753 107.513 13.5787 0 13.5787 0.250783 0
429.477 97.2567 66.9133 0 66.9133 0.250757 0
433.041 27.386 416.857 0 416.857 0.250516 0
344.5 164.629 14.67 0 14.67 0.240485 0
151.476 229.813 19.4552 0 19.4552 0.240281 0
406.395 27.0258 384.039 0 384.039 0.239315 0
417.848 37.2284 1075.55 0 1075.55 0.237212 0
160.629 237.336 283.732 0 283.732 0.236177 0
392.758 107.237 70.3976 0 70.3976 0.235434 0
251.948 40.5732 17.6971 0 17.6971 0.234593 0
171.728 142.086 22.7328 0 22.7328 0.234022 0
293.447 241.714 35.777 0 35.777 0.233726 0
264.145 116.157 502.526 0 502.526 0.232156 0
280.82 198.916 644.941 0 644.941 0.23089 0
280.93 102.5 15.8864 0 15.8864 0.230295 0
277.5 312.5 36.4665 0 36.4665 0.22944 0
181.515 169.962 20.1587 0 20.1587 0.229378 0
339.769 243.692 28.0052 0 28.0052 0.229041 0
367.415 101.403 396.979 0 396.979 0.228334 0
540.255 39.4533 322.54 0 322.54 0.227452 0
413.214 311.084 27.323 0 27.323 0.227437 0
268.988 113.039 15.0569 0 15.0569 0.226541 0
408.184 261.951 48.0743 0 48.0743 0.22634 0
266.5 207.589 12.6992 0 12.6992 0.225853 0
360.369 169.445 138.5 0 138.5 0.225353 0
282.718 242.5 19.963 0 19.963 0.22385 0
163.475 264.899 231.151 0 231.151 0.222066 0
317.5 93.0198 21.1085 0 21.1085 0.221389 0
351.5 19.8799 30.6183 0 30.6183 0.22121 0
248.103 107.15 34.9074 0 34.9074 0.220668 0
366.5 159.594 14.9241 0 14.9241 0.219858 0
180.023 144.935 20.1587 0 20.1587 0.219456 0
555 124.617 203.187 0 203.187 0.219434 0
290.601 211.716 32.7281 0 32.7281 0.219147 0
316.933 291.196 20.1587 0 20.1587 0.217367 0
416.415 106.659 512 0 512 0.217345 0
266.002 305.754 79.8311 0 79.8311 0.215143 0
365 289.267 52.483 0 52.483 0.214213 0
363.5 289.4 20.1587 0 20.1587 0.213648 0
388.5 203.552 15.7551 0 15.7551 0.21324 0
288.678 92.5 37.899 0 37.899 0.213108 0
217 177 86.4077 0 86.4077 0.212625 0
391.907 135.298 68.4859 0 68.4859 0.212217 0
177 147 72.6463 0 72.6463 0.211544 0
409.579 286.717 23.6503 0 23.6503 0.211292 0
436.5 204.5 20.6592 0 20.6592 0.209724 0
315.646 189.339 113.89 0 113.89 0.208943 0
422.263 206.963 15.6694 0 15.6694 0.208636 0
439.053 29.3552 20.1587 0 20.1587 0.208533 0
399.026 179.225 15.6558 0 15.6558 0.207781 0
279.601 211.101 13.1167 0 13.1167 0.207699 0
289.374 304.236 26.4908 0 26.4908 0.207621 0
247 39.0837 128 0 128 0.20752 0
390.273 233.637 53.9785 0 53.9785 0.205894 0
412.181 186.123 178.539 0 178.539 0.205233 0
267.5 126.5 14.6033 0 14.6033 0.204713 0
291.5 183.5 23.8148 0 23.8148 0.203723 0
344.757 161.895 80.635 0 80.635 0.201859 0
199.816 145.037 14.7934 0 14.7934 0.200796 0
425.775 104.934 23.416 0 23.416 0.199353 0
357.792 239.119 24.699 0 24.699 0.199085 0
213.5 184.24 13.184 0 13.184 0.198967 0
234.103 41.2934 230.849 0 230.849 0.198871 0
305.328 222.864 15.5557 0 15.5557 0.197798 0
234 268.844 512 0 512 0.19683 0
238.416 41.5 46.4405 0 46.4405 0.196289 0
293.583 168.874 47.0626 0 47.0626 0.196007 0
360.5 93.3336 36.963 0 36.963 0.195944 0
289.665 117 85.343 0 85.343 0.19291 0
411.51 184.213 322.54 0 322.54 0.192254 0
267.22 241.234 66.4009 0 66.4009 0.19209 0
230.323 34.1228 62.5647 0 62.5647 0.191632 0
413 311 50.7968 0 50.7968 0.191176 0
265.91 302.5 49.3686 0 49.3686 0.191155 0
405.44 307.641 17.4181 0 17.4181 0.190781 0
319.291 198 548.128 0 548.128 0.190619 0
325.995 231.34 177.364 0 177.364 0.190435 0
356.5 109.054 46.4262 0 46.4262 0.190406 0
343.474 156.643 16.2054 0 16.2054 0.189621 0
273.405 201.672 30.0048 0 30.0048 0.189558 0
230.016 33.5794 35.333 0 35.333 0.188956 0
156.444 278.828 67.7087 0 67.7087 0.186036 0
433.5 35.5 12.6992 0 12.6992 0.185214 0
534.381 166.15 203.187 0 203.187 0.184914 0
390.5 202.5 22.9997 0 22.9997 0.182925 0
426.292 293 128 0 128 0.182602 0
258.971 236.753 19.9395 0 19.9395 0.182094 0
137.354 154.683 299.289 0 299.289 0.181167 0
389 111.296 152.513 0 152.513 0.179166 0
546.5 127.5 22.1397 0 22.1397 0.178996 0
442.535 297.832 57.414 0 57.414 0.178911 0
375 89 90.8837 0 90.8837 0.178514 0
416.335 226.904 17.8051 0 17.8051 0.178228 0
290.296 299.096 100.388 0 100.388 0.178205 0
405.781 20.3112 78.0456 0 78.0456 0.178062 0
184.492 23.1601 42.269 0 42.269 0.178003 0
423.706 288.552 35.0339 0 35.0339 0.175942 0
297.909 205.845 15.6575 0 15.6575 0.175681 0
362.615 39.8505 18.0236 0 18.0236 0.174817 0
326.784 229.764 209.251 0 209.251 0.174777 0
248.703 237.28 16.9918 0 16.9918 0.174724 0
269.162 120.27 117.022 0 117.022 0.174472 0
531.33 163.628 1608.42 0 1608.42 0.174465 0
185.314 43.211 50.7968 0 50.7968 0.174183 0
300.926 18.1916 112.114 0 112.114 0.174074 0
277.914 139 76.8623 0 76.8623 0.173644 0
379.447 298.853 18.3992 0 18.3992 0.173577 0
392.866 166.03 80.635 0 80.635 0.17357 0
285 89 128 0 128 0.173419 0
389.096 230.5 17.1899 0 17.1899 0.173228 0
329.432 319.393 1660.26 0 1660.26 0.172621 0
565.166 155.908 291.532 0 291.532 0.172339 0
414.5 137.5 50.7968 0 50.7968 0.172185 0
345.527 250.318 157.233 0 157.233 0.171397 0
411.738 111 174.571 0 174.571 0.170358 0
527.834 122.59 153.736 0 153.736 0.170046 0
395.5 312.672 42.2296 0 42.2296 0.169791 0
460 159.314 999.045 0 999.045 0.169397 0
296.741 18.128 26.1017 0 26.1017 0.168945 0
395.49 220.143 125.229 0 125.229 0.168939 0
426.107 22.8666 20.1587 0 20.1587 0.168615 0
441.5 299.075 27.6953 0 27.6953 0.168414 0
414.145 200.5 20.1587 0 20.1587 0.167848 0
251.5 232.486 17.6877 0 17.6877 0.167586 0
375.568 205.322 112.335 0 112.335 0.16714 0
214.672 161.012 16.0551 0 16.0551 0.166671 0
187.5 170.959 23.8796 0 23.8796 0.166467 0
396.495 39.7084 17.7654 0 17.7654 0.166447 0
210.798 144.123 28.7559 0 28.7559 0.165304 0
319.5 111.122 48.9663 0 48.9663 0.165258 0
385.498 313.997 16.0461 0 16.0461 0.165254 0
557.5 166.5 32 0 32 0.164898 0
428.654 204.823 15.554 0 15.554 0.164823 0
395 85 128 0 128 0.16482 0
218.5 143.503 15.7924 0 15.7924 0.164781 0
537.795 82.6442 203.187 0 203.187 0.164192 0
306.5 304.5 12.6992 0 12.6992 0.163786 0
383.5 239.261 12.9861 0 12.9861 0.163688 0
185.285 25.5 20.1587 0 20.1587 0.163675 0
286.944 132.253 17.0441 0 17.0441 0.162846 0
314.147 171.292 27.3498 0 27.3498 0.162032 0
389.623 115 73.7096 0 73.7096 0.161663 0
206.941 181.542 23.0736 0 23.0736 0.161219 0
289.934 137.028 91.4433 0 91.4433 0.16106 0
345.818 233.686 28.4035 0 28.4035 0.160639 0
185.735 43.8125 74.4986 0 74.4986 0.160607 0
357.304 235.897 64.7265 0 64.7265 0.160325 0
346.5 108.5 44.1374 0 44.1374 0.160324 0
253.942 296.5 50.7968 0 50.7968 0.160135 0
291.5 132.5 50.7968 0 50.7968 0.159668 0
317.837 131.912 156.247 0 156.247 0.159402 0
447.817 42.2535 20.1587 0 20.1587 0.159376 0
293.5 131.5 32 0 32 0.159113 0
418.155 16.6023 18.5015 0 18.5015 0.15874 0
422.479 302.728 40.7693 0 40.7693 0.158367 0
271.253 78 503.205 0 503.205 0.15642 0
280.511 168.652 32 0 32 0.156052 0
444 140 2548.43 0 2548.43 0.15579 0
311.5 93.5 26.7906 0 26.7906 0.155382 0
254.5 253.188 16.2813 0 16.2813 0.155223 0
330.018 170.163 108.558 0 108.558 0.154385 0
227.315 49.0309 17.5838 0 17.5838 0.154268 0
196.358 43.3527 22.8191 0 22.8191 0.154186 0
84.4842 94.4329 149.786 0 149.786 0.154177 0
305 301.886 69.3899 0 69.3899 0.153842 0
336.5 108.5 50.7968 0 50.7968 0.153748 0
392.818 104.985 14.9833 0 14.9833 0.153379 0
196.647 169.247 15.58 0 15.58 0.151894 0
534 166 203.187 0 203.187 0.151151 0
339.673 302.391 606.263 0 606.263 0.150739 0
402.891 295.725 19.6111 0 19.6111 0.150634 0
316.451 233.824 25.4673 0 25.4673 0.150111 0
328.074 36.4291 56.9744 0 56.9744 0.149832 0
261.334 216.383 22.6213 0 22.6213 0.14979 0
351.094 162.5 20.1587 0 20.1587 0.149318 0
364.781 129 135.095 0 135.095 0.149298 0
444.93 175.574 273.991 0 273.991 0.149218 0
296.892 172.257 13.8836 0 13.8836 0.148587 0
404.044 95.5 13.7676 0 13.7676 0.148532 0
407.24 119.053 35.4709 0 35.4709 0.148141 0
302.666 95.5 25.3773 0 25.3773 0.147714 0
538.061 83.4571 246.048 0 246.048 0.147624 0
200.901 147.786 45.6363 0 45.6363 0.147338 0
194.196 22.7647 24.5461 0 24.5461 0.147291 0
401.131 102.882 14.6169 0 14.6169 0.146481 0
206 239.249 451.653 0 451.653 0.146425 0
317 170.222 50.7968 0 50.7968 0.14624 0
393.284 296.5 20.1587 0 20.1587 0.146211 0
302.339 131.5 20.1587 0 20.1587 0.145799 0
486.112 258.496 7115.91 0 7115.91 0.145645 0
156.518 171.344 17.0851 0 17.0851 0.145194 0
163.5 168.5 15.1126 0 15.1126 0.145133 0
371.125 93.5 28.4687 0 28.4687 0.144613 0
315.904 205 99.9606 0 99.9606 0.144473 0
470.376 22 341.132 0 341.132 0.144278 0
389.5 114.912 32 0 32 0.143595 0
377.542 38.5 41.7693 0 41.7693 0.142657 0
377.79 38.7373 20.1587 0 20.1587 0.14222 0
229.981 111.106 812.75 0 812.75 0.141015 0
329.404 19.997 187.653 0 187.653 0.14084 0
76.3347 112.426 90.8219 0 90.8219 0.140649 0
386.5 304.5 21.577 0 21.577 0.14004 0
220.123 138.403 23.68 0 23.68 0.138649 0
319.392 111.13 53.7866 0 53.7866 0.138185 0
303 39.1657 19.951 0 19.951 0.138076 0
86.9106 139.189 15.1144 0 15.1144 0.137982 0
404.863 131.5 27.2308 0 27.2308 0.137903 0
362.602 200.496 747.111 0 747.111 0.137648 0
237.389 294.09 58.036 0 58.036 0.137275 0
201.908 177.729 67.3961 0 67.3961 0.136948 0
59.9678 129.004 746.051 0 746.051 0.136901 0
302 295.387 472.628 0 472.628 0.135931 0
91.1538 31 132.965 0 132.965 0.13564 0
351.5 241.74 23.1855 0 23.1855 0.134663 0
294.077 110.5 25.4945 0 25.4945 0.134336 0
228.641 46.3017 76.8616 0 76.8616 0.134151 0
373.558 229.391 120.451 0 120.451 0.133593 0
272.874 178.878 23.0075 0 23.0075 0.13319 0
280.5 120.218 21.3813 0 21.3813 0.132858 0
315.915 35.3701 41.1772 0 41.1772 0.131983 0
258.701 251 57.2052 0 57.2052 0.131676 0
308.113 213.792 24.447 0 24.447 0.131596 0
286.365 230.353 24.6691 0 24.6691 0.13015 0
213.5 144.224 64.4555 0 64.4555 0.129399 0
91.5 143.5 12.6992 0 12.6992 0.129206 0
393.939 293.5 43.8493 0 43.8493 0.129096 0
120 259.64 5534.48 0 5534.48 0.129005 0
539.5 120.674 32 0 32 0.128506 0
298.969 197.896 23.6302 0 23.6302 0.128474 0
253 318.733 80.635 0 80.635 0.128143 0
95 137.586 86.7187 0 86.7187 0.128096 0
291.649 228.5 24.0532 0 24.0532 0.126966 0
387.5 169.757 14.8029 0 14.8029 0.125916 0
184.5 152.5 50.7968 0 50.7968 0.125531 0
549.893 163.022 17.3144 0 17.3144 0.125492 0
348.615 254.738 429.843 0 429.843 0.125433 0
85.7827 12.5316 18.0993 0 18.0993 0.125098 0
405.296 146.011 19.7344 0 19.7344 0.12435 0
293.214 122.5 18.5127 0 18.5127 0.124255 0
79.1479 76.1096 29.6546 0 29.6546 0.123901 0
86.6467 154.5 16.8783 0 16.8783 0.123854 0
434.131 189.396 17.4637 0 17.4637 0.123571 0
396.621 18.6367 119.763 0 119.763 0.123353 0
394.627 121.44 39.9392 0 39.9392 0.122236 0
54.2802 35.1542 1094.33 0 1094.33 0.122187 0
170.297 23.7841 23.9905 0 23.9905 0.122021 0
409.5 181.967 50.7968 0 50.7968 0.121765 0
52 128.123 1290.16 0 1290.16 0.121432 0
417 18.9024 80.635 0 80.635 0.121034 0
296.5 221.5 25.087 0 25.087 0.120725 0
348.5 37.9099 25.8484 0 25.8484 0.120711 0
283.481 242 525.075 0 525.075 0.120441 0
542.748 135.009 8904.91 0 8904.91 0.119825 0
251 191 125.887 0 125.887 0.119785 0
380.5 127.5 20.1587 0 20.1587 0.118553 0
77 129.847 118.361 0 118.361 0.117222 0
293 225 80.635 0 80.635 0.117088 0
88.2391 164.52 152.774 0 152.774 0.116724 0
219.925 163.5 41.5232 0 41.5232 0.116188 0
245.345 321.367 16.2278 0 16.2278 0.116184 0
198.066 16.8103 25.3153 0 25.3153 0.115781 0
408.5 22.5 12.6992 0 12.6992 0.115736 0
82.6242 147.441 24.5459 0 24.5459 0.115519 0
387.823 177.538 15.4641 0 15.4641 0.115489 0
194.22 140.783 22.7229 0 22.7229 0.114976 0
502 70 271.455 0 271.455 0.114931 0
284.645 202.5 32.0548 0 32.0548 0.11432 0
422.269 204.877 231.133 0 231.133 0.113822 0
114.281 249.679 1841.8 0 1841.8 0.113582 0
367.5 170.5 50.7968 0 50.7968 0.113581 0
265 215 80.635 0 80.635 0.113429 0
368.021 182.867 15.6821 0 15.6821 0.112969 0
377.943 203.401 40.0762 0 40.0762 0.112667 0
553.69 63.5 14.1247 0 14.1247 0.112473 0
328.6 42.5 42.9204 0 42.9204 0.112238 0
366.872 200.015 23.1642 0 23.1642 0.111818 0
546.5 157.5 12.6992 0 12.6992 0.110569 0
369 31 203.187 0 203.187 0.110357 0
263.91 132.367 14.4031 0 14.4031 0.110156 0
330.246 210.065 50.7968 0 50.7968 0.109909 0
398.5 169.5 20.1587 0 20.1587 0.109798 0
189.426 187.031 23.9541 0 23.9541 0.108703 0
499.208 78 512 0 512 0.108627 0
317.591 200.5 30.1035 0 30.1035 0.107641 0
348.028 44 1115.22 0 1115.22 0.106747 0
543.044 142.004 118.925 0 118.925 0.10539 0
373.606 152.092 54.3442 0 54.3442 0.105356 0
153.84 97.2925 763.943 0 763.943 0.104915 0
318.122 198.5 45.0497 0 45.0497 0.104893 0
156.262 288.264 231.853 0 231.853 0.104573 0
370.721 43.666 18.9611 0 18.9611 0.103636 0
339.367 31.5 25.4881 0 25.4881 0.101676 0
77 183.599 99.3598 0 99.3598 0.101446 0
364.898 304.261 21.8682 0 21.8682 0.1012 0
159.511 156.42 22.1976 0 22.1976 0.100716 0
580 137.872 1290.16 0 1290.16 0.100417 0
337.928 44.8797 18.4356 0 18.4356 0.100141 0
311.808 156.845 26.7801 0 26.7801 0.100027 0
