149
222.353 64.9344 27.1689 0 27.1689 0.503851 0
161.858 104.2 20.1587 0 20.1587 0.458069 0
223.126 83.8095 19.3417 0 19.3417 0.409762 0
139.262 80.2742 18.7221 0 18.7221 0.404954 0
179.5 83.0466 32.7931 0 32.7931 0.390207 0
202.5 90.398 25.0632 0 25.0632 0.39012 0
121.225 110.5 17.3718 0 17.3718 0.382222 0
201.819 122.032 15.1804 0 15.1804 0.379164 0
138.5 60.9703 24.4712 0 24.4712 0.370827 0
140.824 89.9888 16.5624 0 16.5624 0.367299 0
121.835 97.5 13.4982 0 13.4982 0.363853 0
194.77 104.386 29.5036 0 29.5036 0.356738 0
185.439 52.0975 13.8902 0 13.8902 0.354893 0
127.718 97.7299 16.8263 0 16.8263 0.353516 0
226.242 98.5015 15.4624 0 15.4624 0.333513 0
94.261 142.311 202.525 0 202.525 0.332625 0
198.443 79 144.923 0 144.923 0.312877 0
140.045 119.606 17.4651 0 17.4651 0.312698 0
225.463 133.451 76.1674 0 76.1674 0.304311 0
251.5 51.3732 20.1587 0 20.1587 0.301639 0
179.662 58.3208 167.234 0 167.234 0.29633 0
242.645 135.75 92.0296 0 92.0296 0.29392 0
216.705 38.0903 17.4928 0 17.4928 0.292221 0
176 62.0927 20.1587 0 20.1587 0.292104 0
241.689 78.4632 41.3563 0 41.3563 0.289452 0
201.847 44.9068 16.6225 0 16.6225 0.288264 0
144.034 38.7109 19.4045 0 19.4045 0.279422 0
139.284 106.152 24.7562 0 24.7562 0.278505 0
238.797 79.3782 98.0272 0 98.0272 0.277338 0
249.718 139.638 30.484 0 30.484 0.274755 0
167.325 86.0817 25.8067 0 25.8067 0.26801 0
193.681 58.9816 15.9996 0 15.9996 0.264077 0
241.738 118.464 20.1587 0 20.1587 0.262706 0
162.913 62.9018 16.4568 0 16.4568 0.262428 0
134.784 147.057 27.5985 0 27.5985 0.261986 0
112.83 140.297 37.4869 0 37.4869 0.258285 0
158.032 117.5 20.1587 0 20.1587 0.253963 0
149.742 144.822 70.5906 0 70.5906 0.252901 0
242.287 107.81 36.9906 0 36.9906 0.252377 0
139.769 44.216 14.483 0 14.483 0.252044 0
175.056 121.277 19.5803 0 19.5803 0.250343 0
111.5 50.2279 20.1587 0 20.1587 0.250305 0
123.39 73.6834 62.4979 0 62.4979 0.24894 0
183.774 103.744 22.2493 0 22.2493 0.247756 0
233.93 138.849 259.866 0 259.866 0.238586 0
153.486 64.5 18.4447 0 18.4447 0.236693 0
249.348 52.7175 80.635 0 80.635 0.234531 0
182 70 784.12 0 784.12 0.232717 0
218.5 45.5 12.6992 0 12.6992 0.23211 0
160.058 76.5056 80.635 0 80.635 0.22908 0
131.611 128.151 153.511 0 153.511 0.224916 0
204.139 46.0057 71.752 0 71.752 0.222921 0
192.952 85.3953 28.8245 0 28.8245 0.221948 0
231.546 47.4563 318.639 0 318.639 0.219815 0
188.082 78.0496 20.0371 0 20.0371 0.219641 0
126.032 82.5 25.3159 0 25.3159 0.218629 0
237.059 64.3624 24.1452 0 24.1452 0.217122 0
107.435 55.2592 1214.89 0 1214.89 0.214076 0
230.682 102.5 32.2394 0 32.2394 0.21023 0
246.907 132 1250.17 0 1250.17 0.209776 0
245.107 59.5425 1290.16 0 1290.16 0.209771 0
118.909 63.811 15.7543 0 15.7543 0.207533 0
238 82.1863 231.841 0 231.841 0.206726 0
89 37 80.635 0 80.635 0.201408 0
222.602 145.785 12.6992 0 12.6992 0.200709 0
86.5 34.5 50.7968 0 50.7968 0.199349 0
263.451 147 128 0 128 0.198962 0
144.625 76.117 16.9261 0 16.9261 0.198117 0
91 39 144.937 0 144.937 0.197612 0
117 53 50.7968 0 50.7968 0.197377 0
96.6186 115 143.48 0 143.48 0.197246 0
135.5 130.5 50.7968 0 50.7968 0.196462 0
205.278 145 80.635 0 80.635 0.196232 0
262.659 39.4397 176.775 0 176.775 0.194467 0
230.046 78.5 16.2511 0 16.2511 0.193894 0
237 107 128 0 128 0.192732 0
172.559 104.713 100.816 0 100.816 0.19145 0
85.5 151.531 32 0 32 0.190767 0
259.181 142 322.54 0 322.54 0.190149 0
206.5 133.172 14.928 0 14.928 0.18823 0
208.19 125.5 12.6992 0 12.6992 0.187382 0
133.739 84.8855 143.867 0 143.867 0.187374 0
181.5 60.0732 30.7816 0 30.7816 0.186447 0
164.521 86.5519 60.7222 0 60.7222 0.185021 0
267.5 34.5 50.1436 0 50.1436 0.184735 0
200.04 107.699 435.636 0 435.636 0.183503 0
208.459 56.894 14.5476 0 14.5476 0.182826 0
267.5 150.5 48.844 0 48.844 0.182586 0
260.979 41.2025 250.374 0 250.374 0.180672 0
221.063 109.5 27.8304 0 27.8304 0.180372 0
217.71 94.4284 1156.89 0 1156.89 0.180008 0
143.017 52.0143 24.5087 0 24.5087 0.170308 0
170.753 114.915 13.8 0 13.8 0.169718 0
186.212 101 62.8719 0 62.8719 0.169475 0
238.7 54.5 50.7968 0 50.7968 0.167595 0
227.5 115.5 20.7588 0 20.7588 0.165348 0
167.494 111.597 426.261 0 426.261 0.162952 0
232.5 75.5 29.6754 0 29.6754 0.162922 0
148.5 132.306 23.4808 0 23.4808 0.16173 0
194.551 118.5 32 0 32 0.161117 0
222.41 99.5621 62.9402 0 62.9402 0.154739 0
235 53 80.635 0 80.635 0.153965 0
138.532 133.712 20.1587 0 20.1587 0.153908 0
161.791 86.5879 20.1587 0 20.1587 0.152267 0
236.976 117.228 15.7623 0 15.7623 0.151851 0
191.698 89.7124 59.9523 0 59.9523 0.151505 0
137.305 106.726 90.9019 0 90.9019 0.151233 0
193.673 71.7687 22.1189 0 22.1189 0.149193 0
121.5 64.5 34.8763 0 34.8763 0.148994 0
179.962 114.389 20.6872 0 20.6872 0.143749 0
135.549 93 64.0821 0 64.0821 0.141814 0
141.5 151.5 12.6992 0 12.6992 0.141008 0
106.621 129.155 20.1587 0 20.1587 0.140656 0
129.42 38.2441 92.4471 0 92.4471 0.136188 0
154.5 74.5 32 0 32 0.135868 0
215.409 141.053 25.3055 0 25.3055 0.130556 0
253.801 57.2007 12.7087 0 12.7087 0.129663 0
212.578 50.1376 19.5693 0 19.5693 0.129402 0
135.754 115.314 58.1299 0 58.1299 0.129014 0
242.5 51.5 20.1587 0 20.1587 0.127467 0
212.5 85.5 14.4313 0 14.4313 0.127179 0
119 111 140.836 0 140.836 0.12576 0
248.566 65.1283 41.3829 0 41.3829 0.124026 0
196.5 130.5 50.7968 0 50.7968 0.123851 0
219.712 55.0535 24.7035 0 24.7035 0.121149 0
217.924 77.6416 16.4771 0 16.4771 0.118506 0
85.5 132.344 18.2385 0 18.2385 0.11775 0
87.5 133.361 31.5751 0 31.5751 0.117675 0
105.31 154.72 14.9439 0 14.9439 0.117268 0
158.315 129.5 31.7731 0 31.7731 0.114704 0
158.315 130.5 37.4305 0 37.4305 0.114182 0
87.5 122.5 32 0 32 0.114158 0
126.435 90.2568 13.7928 0 13.7928 0.114001 0
102.5 158.5 50.7968 0 50.7968 0.113745 0
153.071 55.6772 34.4037 0 34.4037 0.109924 0
152.18 105 94.7724 0 94.7724 0.109798 0
119.5 124.129 25.6979 0 25.6979 0.109497 0
234.574 117 61.55 0 61.55 0.107515 0
115.099 124.052 15.282 0 15.282 0.107407 0
164.319 95.5 21.5574 0 21.5574 0.107074 0
165.5 69.809 14.0134 0 14.0134 0.105801 0
169.025 134.462 15.7514 0 15.7514 0.104379 0
103.5 132.5 38.4315 0 38.4315 0.104063 0
235.046 147.564 23.4343 0 23.4343 0.103327 0
170.257 155.279 17.3651 0 17.3651 0.102325 0
153.856 140.5 18.382 0 18.382 0.101947 0
169.5 131.5 25.1765 0 25.1765 0.100169 0
188.5 131.5 20.1587 0 20.1587 0.100125 0
141.278 113.34 14.0942 0 14.0942 0.100025 0
