327
257.472 201.197 263.588 0 263.588 0.827203 0
48.9597 86.9492 47.4317 0 47.4317 0.781873 0
49 86.9527 63.4827 0 63.4827 0.643073 0
171.359 198.998 316.691 0 316.691 0.569004 0
52.2598 13.7995 31.2893 0 31.2893 0.567116 0
102.553 111.647 17.0995 0 17.0995 0.567005 0
118.447 111.653 19.9741 0 19.9741 0.494431 0
225.813 55.6839 80.635 0 80.635 0.481349 0
202.165 85.3761 24.5898 0 24.5898 0.478192 0
67.4096 111.776 14.2053 0 14.2053 0.468667 0
146.312 90.1213 18.7309 0 18.7309 0.455993 0
87.5305 9.66389 18.4021 0 18.4021 0.452693 0
185.5 56.5 50.7968 0 50.7968 0.449013 0
207.002 99.4163 16.4556 0 16.4556 0.435273 0
269.104 60.4843 40.1957 0 40.1957 0.434779 0
222.511 99.5929 13.4005 0 13.4005 0.434675 0
308.315 90.0898 18.1588 0 18.1588 0.428315 0
204.572 112.628 13.944 0 13.944 0.418929 0
268.978 78.7919 24.5753 0 24.5753 0.415715 0
113.919 192.448 181.501 0 181.501 0.412979 0
78.8034 8.18642 20.1587 0 20.1587 0.412265 0
185.814 75.8796 35.7945 0 35.7945 0.408962 0
212.508 99.3246 14.6124 0 14.6124 0.407259 0
232.698 99.5 14.5116 0 14.5116 0.404225 0
225.375 78.5255 36.3428 0 36.3428 0.394577 0
234.13 114.989 21.7356 0 21.7356 0.394006 0
187.5 93.6703 41.1078 0 41.1078 0.388361 0
78 46 547.364 0 547.364 0.384887 0
224.928 6.36584 18.6622 0 18.6622 0.383514 0
78.8783 88.5008 39.8213 0 39.8213 0.377871 0
307.004 186.642 18.229 0 18.229 0.37751 0
166.011 81.3447 17.2047 0 17.2047 0.37348 0
66.4766 9.5 21.5751 0 21.5751 0.371201 0
249.256 85.7314 35.464 0 35.464 0.357519 0
75.6753 111.918 23.1429 0 23.1429 0.351357 0
249.11 117.5 16.133 0 16.133 0.347721 0
202.011 190.876 80.635 0 80.635 0.34206 0
133.438 17.1531 70.0114 0 70.0114 0.340734 0
132.803 16.8424 47.7684 0 47.7684 0.338678 0
162.318 156.368 14.9147 0 14.9147 0.338476 0
167.967 204.646 20.1587 0 20.1587 0.338343 0
109 91.6788 151.982 0 151.982 0.335606 0
106.743 14.234 35.9156 0 35.9156 0.334893 0
288.743 74.3648 39.9198 0 39.9198 0.33447 0
190.197 77.8851 14.7719 0 14.7719 0.322551 0
52.2176 184.873 19.6837 0 19.6837 0.321533 0
195.771 6.49458 18.0189 0 18.0189 0.319233 0
284.487 52.7928 239.371 0 239.371 0.318416 0
100.884 12.2401 18.7799 0 18.7799 0.317472 0
150.676 153.616 80.635 0 80.635 0.316028 0
78.1007 27.3164 13.7693 0 13.7693 0.315902 0
311.572 195.077 16.6655 0 16.6655 0.311313 0
263.944 112.224 20.1587 0 20.1587 0.310878 0
169.58 71.7321 119.345 0 119.345 0.308107 0
308.455 4.15515 14.2809 0 14.2809 0.305476 0
54.2149 204.539 50.7968 0 50.7968 0.30426 0
54.7494 168.896 63.2722 0 63.2722 0.304074 0
232.862 81.6493 13.6472 0 13.6472 0.304064 0
117.649 86.0772 19.8466 0 19.8466 0.303863 0
288.946 84.8703 24.1444 0 24.1444 0.299952 0
238.868 99.4999 17.6988 0 17.6988 0.298865 0
244.02 84.0456 14.4282 0 14.4282 0.295946 0
214.25 80.5 32 0 32 0.295597 0
175.688 77.2679 22.847 0 22.847 0.292214 0
175.905 208.078 128 0 128 0.290611 0
223 210.53 72.3 0 72.3 0.285258 0
297.5 135.798 20.1587 0 20.1587 0.283472 0
288.715 130.472 226.775 0 226.775 0.280304 0
250.018 47.4266 303.883 0 303.883 0.278106 0
52.394 221.198 19.5406 0 19.5406 0.277867 0
240.525 100.172 34.3207 0 34.3207 0.275668 0
206.107 203.348 412.16 0 412.16 0.274438 0
220.179 196.355 14.7115 0 14.7115 0.274284 0
260.717 80.5 25.5387 0 25.5387 0.273347 0
203.521 188.889 30.3602 0 30.3602 0.273174 0
120.204 199.083 17.0787 0 17.0787 0.272791 0
299.878 15.8694 66.8215 0 66.8215 0.272243 0
104.015 155.631 402.442 0 402.442 0.270987 0
291 131.081 201.873 0 201.873 0.268961 0
292.264 206 512 0 512 0.268073 0
167.843 93.5 20.1587 0 20.1587 0.266771 0
67.6895 88.051 40.7157 0 40.7157 0.266732 0
53.5505 222.5 39.7961 0 39.7961 0.263712 0
271 95 128 0 128 0.260887 0
183.994 6.36792 19.2952 0 19.2952 0.25534 0
124.261 163.5 13.6129 0 13.6129 0.255055 0
170.514 79.462 374.649 0 374.649 0.254772 0
90.5 90.1374 24.0612 0 24.0612 0.253176 0
182.845 155.5 12.7333 0 12.7333 0.253171 0
149.897 156.5 20.1587 0 20.1587 0.252503 0
167.5 59.0898 25.3262 0 25.3262 0.25199 0
184.996 203.602 15.8475 0 15.8475 0.251212 0
166.87 130 229.004 0 229.004 0.249235 0
67.261 156.436 417.368 0 417.368 0.248522 0
207.785 75.7228 177.686 0 177.686 0.246512 0
198.016 155.959 17.5335 0 17.5335 0.243964 0
66 196.863 322.54 0 322.54 0.243652 0
189.5 33.7076 16.0336 0 16.0336 0.243411 0
305 190.25 147.166 0 147.166 0.243065 0
201.877 46 296.223 0 296.223 0.242128 0
261.5 144.5 32 0 32 0.242003 0
181.5 209.5 23.0092 0 23.0092 0.241814 0
248.978 47.0898 44.4263 0 44.4263 0.241716 0
179.668 144.477 73.8812 0 73.8812 0.241566 0
220.401 155.5 43.5109 0 43.5109 0.2393 0
217.871 99.6359 16.8591 0 16.8591 0.238756 0
86.5 35.1637 29.5175 0 29.5175 0.236725 0
88.1978 36.5058 19.471 0 19.471 0.235883 0
201.075 211.077 51.8572 0 51.8572 0.234158 0
86.4423 158.437 1142.19 0 1142.19 0.233185 0
283.5 61.1857 29.4938 0 29.4938 0.232124 0
265.294 6.13585 16.9095 0 16.9095 0.22969 0
248.382 137.388 91.7044 0 91.7044 0.229189 0
214.595 5.94308 16.8487 0 16.8487 0.229062 0
293.5 56.9202 16.6391 0 16.6391 0.227721 0
276.85 125.678 16.136 0 16.136 0.227704 0
157.5 136.61 12.6992 0 12.6992 0.226567 0
305 211.827 80.635 0 80.635 0.225908 0
91 111 80.635 0 80.635 0.225142 0
75.9073 48.8988 32 0 32 0.224387 0
287 51 80.635 0 80.635 0.222716 0
283.443 202.291 27.8748 0 27.8748 0.222234 0
110.17 113.5 22.3483 0 22.3483 0.22131 0
188 124 1290.16 0 1290.16 0.219566 0
227.925 99.7182 16.8004 0 16.8004 0.218947 0
175.039 153.598 40.9883 0 40.9883 0.218183 0
119.018 185.603 16.5998 0 16.5998 0.217269 0
288.679 104.382 77.5273 0 77.5273 0.2167 0
205.659 7.13019 14.7165 0 14.7165 0.215264 0
297.856 46.6737 22.8726 0 22.8726 0.215182 0
44.5 111.555 20.1587 0 20.1587 0.214684 0
196.412 140.036 106.471 0 106.471 0.213841 0
52.6611 199.5 21.343 0 21.343 0.213611 0
55 146.204 67.565 0 67.565 0.213386 0
147.348 150.484 18.2074 0 18.2074 0.213019 0
71.1024 33.4389 29.3364 0 29.3364 0.212734 0
84 191.791 1290.16 0 1290.16 0.212321 0
264.32 53.0413 16.9269 0 16.9269 0.211366 0
249 46.9139 52.5912 0 52.5912 0.210602 0
118.298 228.06 13.6412 0 13.6412 0.210343 0
95.5 89.5 30.0344 0 30.0344 0.208781 0
236.455 6.15343 20.85 0 20.85 0.208285 0
280.764 225.971 14.7636 0 14.7636 0.207361 0
4.72711 4.89674 13.8232 0 13.8232 0.20378 0
84.4554 46.5 17.5155 0 17.5155 0.203719 0
208.011 81.5 20.9062 0 20.9062 0.202597 0
175.612 159.394 105.522 0 105.522 0.201011 0
254.868 202.5 16.2968 0 16.2968 0.199721 0
297.5 186.661 12.7135 0 12.7135 0.199098 0
110.786 142.31 24.8485 0 24.8485 0.197946 0
155.728 155.773 20.1587 0 20.1587 0.19783 0
283.018 205.5 35.2875 0 35.2875 0.194815 0
226 98 322.54 0 322.54 0.194701 0
75.5 38.5 50.7968 0 50.7968 0.194191 0
234.654 72.6944 30.0529 0 30.0529 0.193539 0
103.258 83.5131 14.3714 0 14.3714 0.192575 0
292.623 63.9088 17.6809 0 17.6809 0.192502 0
209.516 57.9736 32.8668 0 32.8668 0.192414 0
194.5 165.216 27.273 0 27.273 0.19208 0
291.715 130.988 20.3161 0 20.3161 0.189647 0
289.792 48.5 20.1587 0 20.1587 0.189622 0
285.997 191.779 100.79 0 100.79 0.188757 0
159.5 45.5 33.7239 0 33.7239 0.18811 0
308.957 211.779 29.1003 0 29.1003 0.187303 0
245.378 78 209.259 0 209.259 0.186943 0
240.853 10.7374 24.6701 0 24.6701 0.185189 0
255.362 5.80313 16.4819 0 16.4819 0.185001 0
294.206 30.5 39.5231 0 39.5231 0.181958 0
47 109.597 80.635 0 80.635 0.18142 0
227.945 17.3243 22.7808 0 22.7808 0.181146 0
168.558 130.643 35.5028 0 35.5028 0.179886 0
185.27 127.39 56.6268 0 56.6268 0.179723 0
245 77 202.723 0 202.723 0.177873 0
259.654 9.5 20.1587 0 20.1587 0.176831 0
229.5 61.5 12.8648 0 12.8648 0.176773 0
57.5 112.5 25.6676 0 25.6676 0.175025 0
226.749 109.221 34.0501 0 34.0501 0.174703 0
172.995 189.257 20.1587 0 20.1587 0.173932 0
239.886 121.334 100.096 0 100.096 0.173893 0
260.076 10.5 21.5707 0 21.5707 0.173758 0
199.5 202.5 20.1587 0 20.1587 0.173259 0
154.791 6.20249 20.1587 0 20.1587 0.172261 0
289.591 123.181 23.7755 0 23.7755 0.171969 0
114.942 156.751 18.0249 0 18.0249 0.171248 0
182.453 108.356 18.4519 0 18.4519 0.171222 0
239.489 79.5 22.3745 0 22.3745 0.170907 0
192.016 70.5 20.1587 0 20.1587 0.169911 0
175.092 163.696 42.1425 0 42.1425 0.169607 0
258.683 62.4347 14.7706 0 14.7706 0.169309 0
211 18.2414 53.8427 0 53.8427 0.167353 0
221.958 116.232 24.0221 0 24.0221 0.165804 0
166.5 210.5 20.1587 0 20.1587 0.165586 0
185.829 103.55 14.3766 0 14.3766 0.165496 0
283.139 218.5 36.8112 0 36.8112 0.165436 0
282.656 85.8318 110.604 0 110.604 0.16491 0
217.5 109.5 23.1982 0 23.1982 0.163669 0
185 107.961 73.5622 0 73.5622 0.163665 0
279.996 162 440.159 0 440.159 0.163046 0
238.01 69 66.9581 0 66.9581 0.162221 0
87.5586 106.882 21.8217 0 21.8217 0.162047 0
276.779 73.8972 20.1587 0 20.1587 0.161268 0
279.5 70.5 47.3767 0 47.3767 0.160315 0
140.76 6.15357 20.1587 0 20.1587 0.159744 0
187.615 85.1901 20.1587 0 20.1587 0.159554 0
183.202 129.186 25.6461 0 25.6461 0.158505 0
271.891 37.3395 100.401 0 100.401 0.158249 0
187.568 40.9377 17.1792 0 17.1792 0.157154 0
305.046 219.001 16.4226 0 16.4226 0.156942 0
70.1222 155 116.429 0 116.429 0.15652 0
194.064 60.9098 15.3352 0 15.3352 0.156303 0
279.254 17.905 23.1112 0 23.1112 0.153574 0
175 35.2034 203.187 0 203.187 0.151972 0
323.242 15 150.515 0 150.515 0.151703 0
264.476 131.52 14.9651 0 14.9651 0.151686 0
179.418 35.0664 116.785 0 116.785 0.151151 0
99.5 24.8045 32.5876 0 32.5876 0.151045 0
271.518 87.0582 13.0738 0 13.0738 0.150396 0
186.681 103.387 343.241 0 343.241 0.149568 0
100.361 195.514 26.6198 0 26.6198 0.148856 0
305.5 127.5 50.7968 0 50.7968 0.148843 0
293.5 5.02528 23.1697 0 23.1697 0.148574 0
58.503 153.5 22.8946 0 22.8946 0.14831 0
250.336 11.5 26.1883 0 26.1883 0.148036 0
166.679 147.5 28.207 0 28.207 0.147596 0
160.893 59.5 20.1587 0 20.1587 0.147009 0
136.851 117.215 35.4317 0 35.4317 0.145281 0
227.757 89.5 32 0 32 0.145142 0
253.5 132.001 22.0332 0 22.0332 0.144781 0
187.5 121.296 20.1587 0 20.1587 0.144522 0
62.7693 116.264 67.1669 0 67.1669 0.14317 0
244.899 5.71006 16.8115 0 16.8115 0.143162 0
11 135 128 0 128 0.142428 0
162.106 152.154 439.024 0 439.024 0.142221 0
91.9709 159.199 29.3704 0 29.3704 0.141685 0
264.5 42.5 12.6992 0 12.6992 0.141623 0
97.5 24.6786 32 0 32 0.141096 0
67.9329 144.943 32.9816 0 32.9816 0.140854 0
66.5 33.5 17.8684 0 17.8684 0.140709 0
109.598 197.552 15.0748 0 15.0748 0.140686 0
305.852 28.5 12.6992 0 12.6992 0.139154 0
256.672 27.5 12.6992 0 12.6992 0.138803 0
140.246 56.5179 553.11 0 553.11 0.138676 0
185.1 141.087 14.4069 0 14.4069 0.13821 0
262.993 124.489 32 0 32 0.137422 0
24.5994 24.8755 471.769 0 471.769 0.13715 0
281.065 69.5 20.1587 0 20.1587 0.135761 0
277 35 203.187 0 203.187 0.135607 0
70.5 153.236 46.388 0 46.388 0.134697 0
269.5 142.5 27.6356 0 27.6356 0.134692 0
18 146 322.54 0 322.54 0.134545 0
199.851 16.1983 80.635 0 80.635 0.134116 0
195.255 27.5 12.7186 0 12.7186 0.133722 0
365.5 6.5 29.2712 0 29.2712 0.13334 0
147 128.662 80.635 0 80.635 0.13328 0
68.3189 56.9633 28.0263 0 28.0263 0.132363 0
158.63 146.5 21.5116 0 21.5116 0.132115 0
14.9296 14.3017 147.612 0 147.612 0.131953 0
310.509 58.3493 156.756 0 156.756 0.130781 0
281.294 33.4293 62.9159 0 62.9159 0.130063 0
181 109 155.653 0 155.653 0.129911 0
89.3387 195.5 20.1587 0 20.1587 0.129872 0
145.174 30.6397 35.8085 0 35.8085 0.129758 0
152.09 54.8627 39.4796 0 39.4796 0.128727 0
173.265 102.5 19.5036 0 19.5036 0.12843 0
90.7258 155 159.378 0 159.378 0.127969 0
62.7027 74.4785 62.6434 0 62.6434 0.127092 0
322.731 8.31365 46.7287 0 46.7287 0.126816 0
269.944 15.5 37.798 0 37.798 0.126763 0
94.5569 114.205 17.3889 0 17.3889 0.126661 0
260.642 71.0655 22.651 0 22.651 0.125785 0
294.727 121.651 16.7845 0 16.7845 0.125648 0
82.9107 151.999 32 0 32 0.125405 0
54.8819 92.0819 23.017 0 23.017 0.124261 0
337.5 8.23565 39.0319 0 39.0319 0.124234 0
239.246 65.6512 23.9869 0 23.9869 0.123965 0
210.859 109.677 20.1587 0 20.1587 0.123655 0
199.887 16.5 39.7069 0 39.7069 0.123641 0
167.431 6.49848 21.8965 0 21.8965 0.12346 0
189.55 16.5 45.1335 0 45.1335 0.122579 0
157.5 29.5 20.1587 0 20.1587 0.12232 0
227.756 168.75 406.084 0 406.084 0.121096 0
199.762 175.5 32 0 32 0.121018 0
295.626 223.5 40.5592 0 40.5592 0.120305 0
250.356 105.22 172.819 0 172.819 0.120047 0
163.5 118.5 45.69 0 45.69 0.119883 0
187.629 115.059 15.5648 0 15.5648 0.119304 0
291.171 125 76.3645 0 76.3645 0.118491 0
227.5 126.5 32 0 32 0.117737 0
127.4 6.35628 20.1587 0 20.1587 0.117644 0
245.5 124.5 12.6992 0 12.6992 0.117183 0
210.5 37.5 12.6992 0 12.6992 0.11603 0
244.628 27.5579 13.6173 0 13.6173 0.115938 0
282.069 30.5 32 0 32 0.115702 0
83.6935 17.5 22.6743 0 22.6743 0.114633 0
269.497 112.454 95.5361 0 95.5361 0.114349 0
67.9381 67.9216 186.016 0 186.016 0.114167 0
282.5 126.5 12.8726 0 12.8726 0.113308 0
91.5 222.5 15.3594 0 15.3594 0.11291 0
15.8427 7.5 30.8504 0 30.8504 0.112105 0
254.037 35.9519 24.3451 0 24.3451 0.111492 0
257.344 187.5 34.3718 0 34.3718 0.111485 0
16.1454 9.5 50.7968 0 50.7968 0.110922 0
209.5 91.5 20.1587 0 20.1587 0.110222 0
67.8539 213 129.621 0 129.621 0.110074 0
55.856 100.782 39.6145 0 39.6145 0.109629 0
67.291 159.86 29.6604 0 29.6604 0.109578 0
63.6274 188.5 22.8776 0 22.8776 0.109172 0
172.386 14.8168 17.8221 0 17.8221 0.109066 0
30.5 8.5 32 0 32 0.108666 0
207.5 116.869 12.9304 0 12.9304 0.108248 0
164.326 125.5 17.9397 0 17.9397 0.108201 0
290.587 205.778 13.1855 0 13.1855 0.107315 0
206.885 27.5251 12.6992 0 12.6992 0.107003 0
69 193 114.033 0 114.033 0.106605 0
182.09 30.5 32 0 32 0.10591 0
270.5 9.5 19.6606 0 19.6606 0.105314 0
235.005 141.113 50.5026 0 50.5026 0.105067 0
312.544 60.893 497.629 0 497.629 0.103513 0
188.745 173.076 26.0446 0 26.0446 0.103291 0
273 112.104 145.586 0 145.586 0.103181 0
69.7617 101.801 35.2878 0 35.2878 0.102936 0
95.801 188.277 26.4777 0 26.4777 0.102766 0
89 29 128 0 128 0.102086 0
257.5 211.5 12.6992 0 12.6992 0.101415 0
173.931 64.0612 13.7308 0 13.7308 0.101252 0
270.146 11.5 27.8376 0 27.8376 0.10114 0
114.764 8.43905 28.2998 0 28.2998 0.100234 0
